333333333333333333333333333333333333333333333333333333333333
333333333333333333333333333333333333333333333333333333333333
330000000000000000000000000000000000000000000000000000000033
330000000000000000000000000000000000000000000000000000000033
330000000000000000000000000000000000000000000000000000000033
330000000000000000000000000000000000000000000000000000000033
330000000000000000000000000000000000000000000000000000000033
330000000000000000000000000000000000000000000000000000000033
330000000000000000000000000000000000000000000000000000000033
330000000000000000000000000000000000000000000000000000000033
330000000000000000000000000000000000000000000000000000000033
330000000000000000000000000000000000000000000000000000000033
330000000000000000000000000000000000000000000000000000000033
330000000000000000000000000000000000000000000000000000000033
330000000000000000000000000000000000000000000000000000000033
330000000000000000000000000000000000000000000000000000000033
330000000000000000000000000000000000000000000000000000000033
330000000000000000000000000000000000000000000000000000000033
330000000000000000000000000000000000000000000000000000000033
330000000000000000000000000000000000000000000000000000000033
330000000000000000000000000000000000000000000000000000000033
330000000000000000000000000000000000000000000000000000000033
330000000000000000000000000000000000000000000000000000000033
330000000000000000000000000000000000000000000000000000000033
330000000000000000000000000000000000000000000000000000000033
330000000000000000000000000000000000000000000000000000000033
330000000000000000000000000000000000000000000000000000000033
330000000000000000000000000000000000000000000000000000000033
330000000000000000000000000000000000000000000000000000000033
330000000000000000000000000000000000000000000000000000000033
333333333333333333333333333333333333333333333333333333333333
333333333333333333333333333333333333333333333333333333333333